function h_sym = h(in1)
%H
%    H_SYM = H(IN1)

%    This function was generated by the Symbolic Math Toolbox version 8.7.
%    30-Aug-2021 16:09:52

w4 = in1(4,:);
w5 = in1(5,:);
w9 = in1(9,:);
w10 = in1(10,:);
w14 = in1(14,:);
w15 = in1(15,:);
w19 = in1(19,:);
w20 = in1(20,:);
w24 = in1(24,:);
w25 = in1(25,:);
w29 = in1(29,:);
w30 = in1(30,:);
w34 = in1(34,:);
w35 = in1(35,:);
w39 = in1(39,:);
w40 = in1(40,:);
w44 = in1(44,:);
w45 = in1(45,:);
w49 = in1(49,:);
w50 = in1(50,:);
w54 = in1(54,:);
w55 = in1(55,:);
w59 = in1(59,:);
w60 = in1(60,:);
w64 = in1(64,:);
w65 = in1(65,:);
w69 = in1(69,:);
w70 = in1(70,:);
w74 = in1(74,:);
w75 = in1(75,:);
w79 = in1(79,:);
w80 = in1(80,:);
w84 = in1(84,:);
w85 = in1(85,:);
w89 = in1(89,:);
w90 = in1(90,:);
w94 = in1(94,:);
w95 = in1(95,:);
w99 = in1(99,:);
w100 = in1(100,:);
w104 = in1(104,:);
w105 = in1(105,:);
w109 = in1(109,:);
w110 = in1(110,:);
w114 = in1(114,:);
w115 = in1(115,:);
w119 = in1(119,:);
w120 = in1(120,:);
w124 = in1(124,:);
w125 = in1(125,:);
w129 = in1(129,:);
w130 = in1(130,:);
w134 = in1(134,:);
w135 = in1(135,:);
w139 = in1(139,:);
w140 = in1(140,:);
w144 = in1(144,:);
w145 = in1(145,:);
w149 = in1(149,:);
w150 = in1(150,:);
w154 = in1(154,:);
w155 = in1(155,:);
mt1 = [w4-2.0e+1,w5-2.0e+1,w9-2.0e+1,w10-2.0e+1,w14-2.0e+1,w15-2.0e+1,w19-2.0e+1,w20-2.0e+1,w24-2.0e+1,w25-2.0e+1,w29-2.0e+1,w30-2.0e+1,w34-2.0e+1,w35-2.0e+1,w39-2.0e+1,w40-2.0e+1,w44-2.0e+1,w45-2.0e+1,w49-2.0e+1,w50-2.0e+1,w54-2.0e+1,w55-2.0e+1,w59-2.0e+1,w60-2.0e+1,w64-2.0e+1,w65-2.0e+1,w69-2.0e+1,w70-2.0e+1,w74-2.0e+1,w75-2.0e+1,w79-2.0e+1,w80-2.0e+1,w84-2.0e+1,w85-2.0e+1,w89-2.0e+1,w90-2.0e+1,w94-2.0e+1,w95-2.0e+1,w99-2.0e+1,w100-2.0e+1];
mt2 = [w104-2.0e+1,w105-2.0e+1,w109-2.0e+1,w110-2.0e+1,w114-2.0e+1,w115-2.0e+1,w119-2.0e+1,w120-2.0e+1,w124-2.0e+1,w125-2.0e+1,w129-2.0e+1,w130-2.0e+1,w134-2.0e+1,w135-2.0e+1,w139-2.0e+1,w140-2.0e+1,w144-2.0e+1,w145-2.0e+1,w149-2.0e+1,w150-2.0e+1,w154-2.0e+1,w155-2.0e+1,-w4-2.0e+1,-w5-2.0e+1,-w9-2.0e+1,-w10-2.0e+1,-w14-2.0e+1,-w15-2.0e+1,-w19-2.0e+1,-w20-2.0e+1,-w24-2.0e+1,-w25-2.0e+1,-w29-2.0e+1];
mt3 = [-w30-2.0e+1,-w34-2.0e+1,-w35-2.0e+1,-w39-2.0e+1,-w40-2.0e+1,-w44-2.0e+1,-w45-2.0e+1,-w49-2.0e+1,-w50-2.0e+1,-w54-2.0e+1,-w55-2.0e+1,-w59-2.0e+1,-w60-2.0e+1,-w64-2.0e+1,-w65-2.0e+1,-w69-2.0e+1,-w70-2.0e+1,-w74-2.0e+1,-w75-2.0e+1,-w79-2.0e+1,-w80-2.0e+1,-w84-2.0e+1,-w85-2.0e+1,-w89-2.0e+1,-w90-2.0e+1];
mt4 = [-w94-2.0e+1,-w95-2.0e+1,-w99-2.0e+1,-w100-2.0e+1,-w104-2.0e+1,-w105-2.0e+1,-w109-2.0e+1,-w110-2.0e+1,-w114-2.0e+1,-w115-2.0e+1,-w119-2.0e+1,-w120-2.0e+1,-w124-2.0e+1,-w125-2.0e+1,-w129-2.0e+1,-w130-2.0e+1,-w134-2.0e+1,-w135-2.0e+1,-w139-2.0e+1,-w140-2.0e+1,-w144-2.0e+1,-w145-2.0e+1,-w149-2.0e+1,-w150-2.0e+1,-w154-2.0e+1];
mt5 = [-w155-2.0e+1];
h_sym = reshape([mt1,mt2,mt3,mt4,mt5],124,1);
